Taxon	001A	001B	002B	003A	004B	006A	006B	008A	008B	009A	009B	010A	010B	012A	012B	013A	013B	014B	015B	016B	017B	018B	019A	020B	27S	30S	31S	4S	total	color
Bacteria;Firmicutes;Bacilli;Lactobacillales;Lactobacillaceae;Lactobacillus_iners	48122	72636	5824441	7010583	6443740	31644	3609929	4358320	45919	3402138	135914	37811	30634	3365522	1785541	2835893	18850	3216381	21107	6075232	1936719	358541	7333449	27571	1451388	433295	2114697	90066	62116083	steelblue3
Bacteria;Firmicutes;Bacilli;Lactobacillales;Lactobacillaceae;Lactobacillus_crispatus	15846	5468767	282641	12793	13279	9590	5791	16363	21374	5281	3004813	4863	2259133	6133	2818	3928	1968	6929	4520	6953	4673	2237	491043	26060	3403	3000699	584674	4108232	19374804	skyblue1
Bacteria;Firmicutes;Bacilli;Lactobacillales;Lactobacillaceae;Lactobacillus_jensenii	241774	526453	1189860	888435	2931077	20038	702178	736315	105300	693905	108763	26278	48591	955320	770955	819532	4502	937318	6800	1342005	360064	87246	2291223	3141233	715	167458	35159	189734	19328231	#cfebff
Bacteria;Firmicutes;Bacilli;Lactobacillales;Lactobacillaceae;Lactobacillus_gasseri	2567558	6231	2024	1489	121068	1962	287471	1960	1656644	2570	4568	4195	2353	3220	2125	2050	1334	1621	1362	2634	1712	870	4018	29452	40	1680	149	484	4712844	#1C4466
Bacteria;Firmicutes;Bacilli;Lactobacillales;Lactobacillaceae;Lactobacillus_johnsonii	36756	6795	2065	826	3592	1026	7210	939	33385	2616	4150	1545	2886	2111	289	662	54	1388	44	2485	980	420	1667	7361	114	382	465	557	122770	#1C4466
Bacteria;Firmicutes;Bacilli;Lactobacillales;Lactobacillaceae;Lactobacillus	3543554	2952375	220250	81632	279484	10146	406405	84886	2798594	61504	2046988	18936	1280881	53712	28680	37543	4464	57633	6640	70526	32296	10670	296545	198475	25825	1375683	231938	1666061	17882326	#0066CC
Bacteria;Actinobacteria;Actinobacteria;Bifidobacteriales;Bifidobacteriaceae;Gardnerella	157914	13167	25450	1450658	6993	115338	6894	1370395	1709558	531291	4596	831366	5919	279488	1321329	311410	4162	1050207	9279	1054575	3043807	2190378	73010	9383	892741	433	211396	393	16681530	indianred1
Bacteria;Bacteroidetes;Bacteroidia;Bacteroidales;Prevotellaceae;Prevotella	11531	25899	19682	279859	12101	1048045	9950	583834	125258	1348517	10747	5100477	9434	536871	1610886	1637917	8877	2710442	338469	682256	6439039	3190636	51591	9147	2333983	1907	437102	1459	28575916	mediumpurple1
Bacteria;Actinobacteria;Actinobacteria;Coriobacteriales;Coriobacteriaceae;Atopobium	8797	464	1077	2758	728	10963	1371	17598	5900	17819	310	12787	1798	7575	9366	3516	32715	7661	332	7878	9408	4769	9551	185	17563	54	1285	18	194246	ivory2
Bacteria;Firmicutes;Negativicutes;Selenomonadales;Veillonellaceae;Megasphaera	7915	14386	7486	1083473	8778	1150283	7307	1878051	9843	901918	6237	370102	6660	864843	1602680	561910	2545184	1325991	11829	1586030	1996393	1050968	9437	6333	454340	362	684291	359	18153389	olivedrab3
Unknown;Other;Other;Other;Other;Other	4478	0	0	0	0	949223	123391	736356	49391	832210	61707	2146005	97898	1711387	134090	215724	29935	417363	69788	467170	499478	209716	198576	88971	250725	10612	502974	11579	9818747	#FFED6F
Bacteria;Fusobacteria;Fusobacteriia;Fusobacteriales;Leptotrichiaceae;Sneathia	14983	17176	1678	1254	2173	1582762	3273	45835	5479	2136934	6781	218136	11875	1210174	170544	283438	806	254290	1645	99925	472650	108841	1976	2349	10555	191	643535	268	7309526	pink
Bacteria;Other;Other;Other;Other;Other	89703	193544	117969	106998	119123	101668	99119	111134	99617	127098	87497	105803	91286	122238	102102	91376	58201	142151	152793	175758	144718	94950	191171	83133	4754	1140	5024	367	2820435	mediumorchid3
Bacteria;Firmicutes;Negativicutes;Selenomonadales;Veillonellaceae;Dialister	4307	2938	816	28569	472	54928	487	20267	22399	58297	987	89893	1166	64458	30721	15826	38952	31159	7649	25078	90874	51022	3604	276	25627	51	21898	14	692735	royalblue4
Bacteria;Firmicutes;Negativicutes;Selenomonadales;Veillonellaceae;Veillonella	18054	36844	17397	15332	19187	21935	15259	18983	22932	24119	16425	27138	18765	29624	17773	15196	13131	24770	31783	26982	26661	17457	168436	16414	83	24	84	9	660797	tan1
Bacteria;Firmicutes;Clostridia;Clostridiales;Lachnospiraceae;unclassified	1434	2700	583	3824	769	30767	505	6832	2725	30346	2284	197415	2347	103010	3184	3908	2527	7620	751	6240	11133	3491	1225	2636	115	16	884	13	429284	aquamarine3
Bacteria;Firmicutes;Clostridia;Clostridiales;Clostridiales Family XI. Incertae Sedis;Peptoniphilus	671	4775	2764	1789	1795	46695	618	3869	27954	67841	650	57070	1319	118306	11752	7662	1710	7779	274	3654	18480	16001	2299	1151	1689	42	11439	11	420059	#C0C0C0
Bacteria;Firmicutes;Clostridia;Clostridiales;Clostridiales Family XI. Incertae Sedis;Anaerococcus	1511	8007	7662	6759	2529	20801	1591	11346	34920	37709	912	47462	1014	29434	6930	17254	11354	20572	442	11562	17476	5707	74810	2084	1274	25	376	14	381537	mediumvioletred
Bacteria;Firmicutes;Bacilli;Lactobacillales;Streptococcaceae;Streptococcus	1892	2172	2713	3398	3488	6304	1080	3818	5001	8137	1230	9965	2571	9681	1648	2501	814	4035	202134	2943	4623	1648	5802	3086	65	151	275	287	291462	#999933
Bacteria;Fusobacteria;Fusobacteriia;Fusobacteriales;Fusobacteriaceae;Fusobacterium	738	3148	916	500	440	153975	338	3303	954	25352	2040	17958	1489	8940	3088	8392	317	6979	1162	5224	27674	7726	1648	816	2526	3	129	3	285778	#666699
Bacteria;Bacteroidetes;Bacteroidia;Bacteroidales;Porphyromonadaceae;Porphyromonas	235	1663	581	450	258	93612	177	3398	662	4840	496	42971	534	6844	3441	1644	224	5261	754	1955	7471	3510	550	262	1002	8	40	16	182859	#CC9933
Bacteria;Fusobacteria;Fusobacteriia;Fusobacteriales;Leptotrichiaceae;Leptotrichia	526	448	600	672	322	15920	338	2408	639	29255	47	21761	150	11979	3617	10707	87	7608	63	4610	22139	6035	720	109	254	4	249	2	141269	#006666
Bacteria;Actinobacteria;Actinobacteria;Bifidobacteriales;Bifidobacteriaceae;Bifidobacterium	1124	147	144	6963	60	2160	55	16005	9855	8020	59	2813	62	3565	5099	1722	109	8446	23223	4052	15391	11047	370	87	528	14	878	18	122016	#FF9900
Bacteria;Firmicutes;Clostridia;Clostridiales;Clostridiales Family XI. Incertae Sedis;Finegoldia	360	939	1011	1564	739	10548	189	6070	8862	18865	167	19777	336	8127	2367	6519	496	8253	99	4098	15494	3262	1745	389	52	13	472	15	120828	#993300
Bacteria;Firmicutes;Other;Other;Other;Other	740	1287	6197	14233	11405	10973	2864	10324	14751	9256	571	8979	1734	12933	4254	3483	514	8817	3741	13570	5796	4763	11529	2213	1404	455	1729	91	168606	#CCCC99
Bacteria;Tenericutes;Mollicutes;Mycoplasmatales;Mycoplasmataceae;Mycoplasma	652	454	519	538	376	5631	195	17731	350	3457	110	10107	625	16414	533	1474	53	1217	51	710	26977	578	705	454	25	13	8808	26	98783	#666666
Bacteria;Firmicutes;Clostridia;Clostridiales;Clostridiales Family XI. Incertae Sedis;Parvimonas	248	370	553	342	414	9853	184	1773	1065	7515	123	16844	321	7113	2067	2457	113	3370	201	4133	6940	2206	336	548	212	2	264	32	69599	#FFCC66
Bacteria;Firmicutes;Clostridia;Clostridiales;unclassified;unclassified	242	265	1873	3026	1815	16864	1142	2399	194	3652	88	3832	256	2790	1230	1992	58	4808	95	3235	2770	4373	2398	47	2774	83	1320	43	63664	#663366
Bacteria;Firmicutes;Bacilli;Bacillales;Staphylococcaceae;Staphylococcus	426	308	1270	2025	1451	2477	618	2126	636	4494	447	16598	3379	12730	970	870	212	1124	97	2022	3383	847	2111	709	100	23	40	110	61603	#9999CC
Bacteria;Proteobacteria;Gammaproteobacteria;Enterobacteriales;Enterobacteriaceae;Escherichia	458	742	366	567	433	12443	406	1633	1349	1462	416	5420	4191	3617	1004	821	1070	4827	547	1678	2821	1385	602	402	155	203	719	227	49964	#CCCCCC
Bacteria;Firmicutes;Bacilli;Lactobacillales;Aerococcaceae;Aerococcus	868	2720	1007	1986	2304	717	1130	4206	1504	3373	1842	1401	2716	1770	1178	3282	272	1458	162	3151	2710	924	2509	1491	66	189	203	735	45874	#669999
Bacteria;Firmicutes;Bacilli;Lactobacillales;Enterococcaceae;Enterococcus	1390	1378	553	415	783	1874	162	838	593	2164	1646	2057	1961	2473	5583	747	45	2107	74	415	1783	1478	854	2694	12	401	102	732	35314	#CCCC66
Bacteria;Actinobacteria;Actinobacteria;Actinomycetales;Actinomycetaceae;Actinomyces	133	100	43	2008	37	3074	18	4329	1411	927	47	621	30	694	1071	369	14	3097	395	1672	3552	2337	152	88	239	4	2522	6	28990	#CC6600
Bacteria;Firmicutes;Bacilli;Lactobacillales;Carnobacteriaceae;Granulicatella	464	983	577	553	487	1273	326	601	689	2607	714	2634	3072	3161	358	932	16	1102	39	715	1913	693	818	1112	14	75	20	172	26120	#9999FF
Bacteria;Actinobacteria;Actinobacteria;Actinomycetales;Actinomycetaceae;Mobiluncus	498	743	60	480	43	5286	28	1252	1720	967	319	1188	326	1738	2724	296	203	2118	54	1092	1718	1812	185	137	197	3	10	3	25200	#999966
Bacteria;Firmicutes;Clostridia;Clostridiales;Clostridiales Family XI. Incertae Sedis;Other	12	272	146	549	54	1348	13	222	2236	2246	10	7550	37	2749	618	270	76	142	21	879	1290	418	65	17	112	12	215	1	21580	#99CCCC
Bacteria;Actinobacteria;Actinobacteria;Actinomycetales;Corynebacteriaceae;Corynebacterium	260	71	83	667	41	1908	33	2089	1721	1100	34	1075	33	1050	658	138	67	808	235	1131	1874	1825	241	44	100	590	200	863	18939	#999999
Bacteria;Firmicutes;Bacilli;Lactobacillales;Aerococcaceae;Eremococcus	354	1329	327	419	185	658	165	340	98	1085	1608	2276	1257	1569	319	338	29	443	86	526	1496	1353	873	827	13	74	11	15	18073	#FFCC00
Bacteria;Firmicutes;Clostridia;Clostridiales;Lachnospiraceae;Stomatobaculum	2	21	10	13	5	8511	8	177	21	396	12	2745	19	2005	48	35	10	810	16	134	61	53	52	11	3	1	1	0	15180	#009999